0,4,9,10,12,14,15,16
1,4,9,12,14,16,19
2,8,10
3,4,9,12,14,16
4,0,1,3,5,10,13,15,19
5,17,19
6,10,13,15,17,19
7,0,8,10,22
8,0,7,11,17,22
9,0,1,3,5,10,11,13,15,19
10,0,2,4,5,6,8,9,11,12,14,15,16,19
11,6,7,8,9,10,12,14,15,16,17,22
12,0,1,3,5,10,11,13,15,19
13,0,4,5,6,7,8,9,10,11,12,14,15,16,17,18,19,20,21,22
14,0,1,3,5,10,11,13,15,19
15,4,6,9,10,12,14,16
16,0,1,3,5,10,11,13,15,19
17,0,5,8,22
18,0,4,5,6,7,8,9,10,11,12,13,14,15,16,17,18,20,21,22
19,0,4,5,6,8,9,10,11,12,13,14,15,16,18,21
20,0,4,5,6,8,9,10,11,12,13,14,15,16,17,18,19,21,22
21,0,4,5,6,7,8,9,10,11,12,13,14,15,16,17,18,19,20,22
22,0,4,5,6,7,8,9,10,11,12,13,14,15,16,17,18,19,20,21
