Each line corresponds to the food groups that the current one should be combined with; current groups are assumed to be in ID order.
1.dairy: 1,5,10,11,13,15,16,17
2.spices: 2,5,10,13,15,17,20
3.babyfoods: 3,9,11
4.fats: 4,5,10,13,15,17
5.poultry: 5,1,2,4,6,11,14,16,20
6.soups: 6,18,20
7.sausages: 7,11,14,16,18,20
8.cereal: 8,1,9,11,25
9.fruit: 9,1,8,12,18,25
10.pork: 10,1,2,4,6,11,12,14,16,20
11.vegetal: 11,1,3,5,6,7,9,10,12,13,15,16,17,20
12.nuts: 12,7,8,9,10,11,13,15,16,17,18,25
13.beef 13,1,2,4,6,11,12,14,16,20
14.beverages: 14,1,5,6,7,8,9,10,11,12,13,15,16,17,18,19,20,21,22,25
15.fish: 15,1,2,4,6,11,12,14,16,20
16.legume: 16,5,7,10,11,13,15,17
17.lamb: 17,1,2,4,6,11,12,14,16,20
18.baked: 18,1,6,9,25
19.sweets: 1,5,6,7,8,9,10,11,12,13,14,15,16,17,18,19,20,21,22,25
20.grains&pasta: 20,1,5,6,7,9,10,11,12,13,14,15,16,17,19,22
21.fast foods: 1,5,6,7,9,10,11,12,13,14,15,16,17,18,19,20,21,22,25
22.mixed: 1,5,6,7,8,9,10,11,12,13,14,15,16,17,18,19,20,21,22,25
25.snacks: 25,1,5,6,7,8,9,10,11,12,13,14,15,16,17,18,19,20,21,22